0 0 5.732721287102015E-4 0
0 1 0.0011469265778984933 0
0 2 0.0017189201924199455 0
0 3 0.0022827948906524067 0
0 4 0.0028265198931919887 0
0 5 0.003332469331620066 0
0 6 0.003778680658425115 0
0 7 0.004141310637842035 0
0 8 0.004397930307084929 0
0 9 0.004531040618025797 0
0 10 0.004531040618025798 0
0 11 0.00439793030708493 0
0 12 0.004141310637842036 0
0 13 0.0037786806584251156 0
0 14 0.0033324693316200654 0
0 15 0.002826519893191988 0
0 16 0.0022827948906524063 0
0 17 0.0017189201924199453 0
0 18 0.001146926577898493 0
0 19 5.732721287102015E-4 0
1 0 0.0012144333429115735 0
1 1 0.0024306892166200823 0
1 2 0.003645299398902784 0
1 3 0.0048451350627509845 0
1 4 0.006004806564961318 0
1 5 0.007086508073728374 0
1 6 0.008042665076985825 0
1 7 0.008821258522885156 0
1 8 0.009373084897900827 0
1 9 0.009659599073839557 0
1 10 0.009659599073839557 0
1 11 0.009373084897900827 0
1 12 0.008821258522885156 0
1 13 0.008042665076985825 0
1 14 0.007086508073728373 0
1 15 0.006004806564961317 0
1 16 0.004845135062750984 0
1 17 0.003645299398902784 0
1 18 0.0024306892166200823 0
1 19 0.0012144333429115733 0
2 0 0.001992520323246175 0
2 1 0.003990772806976626 0
2 2 0.0059914132430803485 0
2 3 0.00797443871634377 0
2 4 0.009898513239919093 0
2 5 0.011700393624260796 0
2 6 0.013299186194612202 0
2 7 0.014605381765269012 0
2 8 0.015533529153365472 0
2 9 0.016016222588017798 0
2 10 0.016016222588017798 0
2 11 0.015533529153365472 0
2 12 0.014605381765269012 0
2 13 0.013299186194612206 0
2 14 0.011700393624260796 0
2 15 0.009898513239919091 0
2 16 0.00797443871634377 0
2 17 0.005991413243080347 0
2 18 0.003990772806976625 0
2 19 0.001992520323246175 0
3 0 0.0029781085582441694 0
3 1 0.005970491443271489 0
3 2 0.008977088723159082 0
3 3 0.011971341147538048 0
3 4 0.014892328730441938 0
3 5 0.017643162546666466 0
3 6 0.02009704134964896 0
3 7 0.022111276622146517 0
3 8 0.023547823892894705 0
3 9 0.024296681791334204 0
3 10 0.0242966817913342 0
3 11 0.02354782389289471 0
3 12 0.022111276622146517 0
3 13 0.02009704134964896 0
3 14 0.017643162546666466 0
3 15 0.014892328730441934 0
3 16 0.011971341147538044 0
3 17 0.008977088723159082 0
3 18 0.005970491443271488 0
3 19 0.002978108558244169 0
4 0 0.004242176036691178 0
4 1 0.008515192251520007 0
4 2 0.012828197017398962 0
4 3 0.017149859501039293 0
4 4 0.021395505420755974 0
4 5 0.02542323108639499 0
4 6 0.02904163573234494 0
4 7 0.03203045815920676 0
4 8 0.03417271692106041 0
4 9 0.03529305463167251 0
4 10 0.03529305463167251 0
4 11 0.03417271692106041 0
4 12 0.03203045815920676 0
4 13 0.02904163573234494 0
4 14 0.025423231086394986 0
4 15 0.02139550542075597 0
4 16 0.017149859501039293 0
4 17 0.012828197017398962 0
4 18 0.008515192251520007 0
4 19 0.004242176036691178 0
5 0 0.005852652080325736 0
5 1 0.01176591548081004 0
5 2 0.017768602333499563 0
5 3 0.023829477241546146 0
5 4 0.02983655070390514 0
5 5 0.035588511436929704 0
5 6 0.04080306693578996 0
5 7 0.04514574671623363 0
5 8 0.04827900759913759 0
5 9 0.04992471629775426 0
5 10 0.04992471629775426 0
5 11 0.04827900759913759 0
5 12 0.04514574671623363 0
5 13 0.04080306693578996 0
5 14 0.035588511436929704 0
5 15 0.02983655070390514 0
5 16 0.023829477241546146 0
5 17 0.017768602333499563 0
5 18 0.01176591548081004 0
5 19 0.0058526520803257355 0
6 0 0.007867877367566575 0
6 1 0.01584691375084432 0
6 2 0.024003098200624358 0
6 3 0.032315860184258985 0
6 4 0.040645259193520265 0
6 5 0.04871429502562898 0
6 6 0.05611456216885999 0
6 7 0.062343499394752935 0
6 8 0.06687731733721905 0
6 9 0.06927267702735741 0
6 10 0.06927267702735741 0
6 11 0.06687731733721905 0
6 12 0.06234349939475293 0
6 13 0.056114562168859995 0
6 14 0.04871429502562898 0
6 15 0.040645259193520265 0
6 16 0.032315860184258985 0
6 17 0.02400309820062436 0
6 18 0.01584691375084432 0
6 19 0.007867877367566575 0
7 0 0.010326302805275592 0
7 1 0.02084553015667211 0
7 2 0.031688762186855624 0
7 3 0.042866401000849784 0
7 4 0.05421722160891316 0
7 5 0.06537379838189686 0
7 6 0.07575753934555454 0
7 7 0.0846203565077163 0
7 8 0.09114806296940432 0
7 9 0.09462510509182508 0
7 10 0.09462510509182509 0
7 11 0.09114806296940432 0
7 12 0.0846203565077163 0
7 13 0.07575753934555454 0
7 14 0.06537379838189686 0
7 15 0.054217221608913166 0
7 16 0.04286640100084979 0
7 17 0.03168876218685564 0
7 18 0.020845530156672114 0
7 19 0.010326302805275592 0
8 0 0.013232046531680858 0
8 1 0.026783342271106528 0
8 2 0.040892331642468555 0
8 3 0.055636245968619644 0
8 4 0.07085426624509375 0
8 5 0.0860834895990511 0
8 6 0.10052673459381434 0
8 7 0.11308353459930345 0
8 8 0.12248381051406207 0
8 9 0.12755002617871178 0
8 10 0.12755002617871178 0
8 11 0.12248381051406207 0
8 12 0.11308353459930345 0
8 13 0.10052673459381434 0
8 14 0.08608348959905111 0
8 15 0.07085426624509376 0
8 16 0.055636245968619644 0
8 17 0.040892331642468555 0
8 18 0.026783342271106528 0
8 19 0.013232046531680858 0
9 0 0.01653657126465294 0
9 1 0.03357852002632032 0
9 2 0.05153208572575685 0
9 3 0.07060026016396262 0
9 4 0.09067187886711575 0
9 5 0.11121003416463614 0
9 6 0.13116192342123073 0
9 7 0.14893967164058142 0
9 8 0.16255753399082487 0
9 9 0.17002725687757492 0
9 10 0.17002725687757492 0
9 11 0.1625575339908249 0
9 12 0.14893967164058142 0
9 13 0.13116192342123073 0
9 14 0.11121003416463614 0
9 15 0.09067187886711575 0
9 16 0.07060026016396262 0
9 17 0.05153208572575685 0
9 18 0.03357852002632032 0
9 19 0.01653657126465294 0
10 0 0.02011795707500812 0
10 1 0.04100152463958813 0
10 2 0.0633051603039013 0
10 3 0.08744757639602085 0
10 4 0.11346206428539579 0
10 5 0.14081658712664827 0
10 6 0.16821713962783771 0
10 7 0.19345322007639462 0
10 8 0.2134356091281519 0
10 9 0.2247061069249819 0
10 10 0.2247061069249819 0
10 11 0.21343560912815193 0
10 12 0.19345322007639465 0
10 13 0.16821713962783771 0
10 14 0.14081658712664827 0
10 15 0.11346206428539579 0
10 16 0.08744757639602085 0
10 17 0.0633051603039013 0
10 18 0.04100152463958813 0
10 19 0.02011795707500812 0
11 0 0.023761237384341376 0
11 1 0.048630224212119426 0
11 2 0.07560662916930248 0
11 3 0.10545033381818597 0
11 4 0.13849997007111492 0
11 5 0.1744130637812014 0
11 6 0.21180573490199323 0
11 7 0.24781357910296165 0
11 8 0.2777495746172104 0
11 9 0.29543708422273296 0
11 10 0.29543708422273296 0
11 11 0.2777495746172104 0
11 12 0.24781357910296165 0
11 13 0.21180573490199323 0
11 14 0.17441306378120136 0
11 15 0.13849997007111492 0
11 16 0.105450333818186 0
11 17 0.07560662916930248 0
11 18 0.04863022421211943 0
11 19 0.023761237384341376 0
12 0 0.027146033830688445 0
12 1 0.05581663091783744 0
12 2 0.08745682998455107 0
12 3 0.12332142859449546 0
12 4 0.16429254827760226 0
12 5 0.210564302303167 0
12 6 0.26109983985172835 0
12 7 0.31273432350090236 0
12 8 0.3588761576314231 0
12 9 0.3884406509763155 0
12 10 0.3884406509763155 0
12 11 0.3588761576314231 0
12 12 0.31273432350090236 0
12 13 0.26109983985172835 0
12 14 0.21056430230316697 0
12 15 0.16429254827760226 0
12 16 0.12332142859449546 0
12 17 0.08745682998455107 0
12 18 0.05581663091783743 0
12 19 0.027146033830688445 0
13 0 0.02985063831884687 0
13 1 0.061685039783349736 0
13 2 0.09746910310347166 0
13 3 0.13910370038585487 0
13 4 0.18830474867450886 0
13 5 0.24632987786386296 0
13 6 0.31338281319827416 0
13 7 0.3873110769076229 0
13 8 0.4607229828152979 0
13 9 0.5151021379180534 0
13 10 0.5151021379180534 0
13 11 0.4607229828152979 0
13 12 0.3873110769076229 0
13 13 0.3133828131982741 0
13 14 0.2463298778638629 0
13 15 0.1883047486745088 0
13 16 0.13910370038585487 0
13 17 0.09746910310347165 0
13 18 0.06168503978334973 0
13 19 0.02985063831884687 0
14 0 0.03138298220025991 0
14 1 0.06518687165232305 0
14 2 0.1039074417944987 0
14 3 0.15017704455690226 0
14 4 0.20678984951044815 0
14 5 0.2766417979565182 0
14 6 0.36247016565419066 0
14 7 0.46602654061816 0
14 8 0.5850463380859277 0
14 9 0.6993941952785862 0
14 10 0.6993941952785862 0
14 11 0.5850463380859277 0
14 12 0.46602654061816007 0
14 13 0.36247016565419066 0
14 14 0.2766417979565182 0
14 15 0.2067898495104481 0
14 16 0.15017704455690223 0
14 17 0.1039074417944987 0
14 18 0.06518687165232305 0
14 19 0.03138298220025991 0
15 0 0.031245687860179176 0
15 1 0.0652334490435247 0
15 2 0.10488758912419471 0
15 3 0.15351000059356534 0
15 4 0.21500071590653702 0
15 5 0.2941273410017613 0
15 6 0.39696684977669083 0
15 7 0.5321927512288738 0
15 8 0.7165304089257051 0
15 9 1.0 1
15 10 1.0 1
15 11 0.7165304089257051 0
15 12 0.5321927512288738 0
15 13 0.3969668497766908 0
15 14 0.2941273410017613 0
15 15 0.21500071590653697 0
15 16 0.15351000059356534 0
15 17 0.10488758912419471 0
15 18 0.06523344904352468 0
15 19 0.031245687860179176 0
16 0 0.029032281793022984 0
16 1 0.06090548541500759 0
16 2 0.09873816343475207 0
16 3 0.14624444184863672 0
16 4 0.20812682143702765 0
16 5 0.2905511513348824 0
16 6 0.4016142659929499 0
16 7 0.5514103370347856 0
16 8 0.750309170298672 0
16 9 1.0 1
16 10 1.0 1
16 11 0.7503091702986718 0
16 12 0.5514103370347855 0
16 13 0.4016142659929498 0
16 14 0.2905511513348824 0
16 15 0.20812682143702765 0
16 16 0.14624444184863672 0
16 17 0.09873816343475207 0
16 18 0.060905485415007586 0
16 19 0.02903228179302298 0
17 0 0.024537004132656918 0
17 1 0.051699722574803944 0
17 2 0.084447490044219 0
17 3 0.12648002934531127 0
17 4 0.1827956486051675 0
17 5 0.2604610232696134 0
17 6 0.3694970616637684 0
17 7 0.5231078355998451 0
17 8 0.7342263966760681 0
17 9 1.0 1
17 10 1.0 1
17 11 0.734226396676068 0
17 12 0.5231078355998451 0
17 13 0.36949706166376833 0
17 14 0.2604610232696134 0
17 15 0.18279564860516748 0
17 16 0.12648002934531127 0
17 17 0.084447490044219 0
17 18 0.05169972257480394 0
17 19 0.02453700413265691 0
18 0 0.017850648876104065 0
18 1 0.03774808481141974 0
18 2 0.06205627726794759 0
18 3 0.09387436575505007 0
18 4 0.13770068839478863 0
18 5 0.20059338684674946 0
18 6 0.29424825869077076 0
18 7 0.43841879003240847 0
18 8 0.6641155035814339 0
18 9 1.0 1
18 10 1.0 1
18 11 0.6641155035814339 0
18 12 0.43841879003240847 0
18 13 0.29424825869077065 0
18 14 0.20059338684674943 0
18 15 0.1377006883947886 0
18 16 0.09387436575505007 0
18 17 0.06205627726794759 0
18 18 0.037748084811419724 0
18 19 0.01785064887610406 0
19 0 0.009414569565307979 0
19 1 0.01995835097271432 0
19 2 0.03296102704038403 0
19 3 0.05023727171895694 0
19 4 0.07460668729754427 0
19 5 0.11102539501273542 0
19 6 0.16943243715845585 0
19 7 0.27292696411852335 0
19 8 0.484212432382237 0
19 9 1.0 1
19 10 1.0 1
19 11 0.484212432382237 0
19 12 0.27292696411852335 0
19 13 0.16943243715845585 0
19 14 0.11102539501273541 0
19 15 0.07460668729754426 0
19 16 0.050237271718956936 0
19 17 0.03296102704038403 0
19 18 0.01995835097271431 0
19 19 0.009414569565307975 0
