0 0 3.919683600000001E-5 0
0 1 5.9767761000000014E-5 0
0 2 1.1655729600000004E-4 0
0 3 5.898759660000002E-4 0
0 4 0.0035259567660000006 0
0 5 0.016127308416 0
0 6 0.051770818701000004 0
0 7 0.11065872462599999 0
0 8 0.14644836759 0
0 9 0.11065872462599999 0
0 10 0.051770818701000004 0
0 11 0.016127308416 0
0 12 0.0035259567660000006 0
0 13 5.898887760000002E-4 0
0 14 1.1690007600000002E-4 0
0 15 6.344457600000001E-5 0
0 16 5.9238766000000006E-5 0
0 17 5.868979600000001E-5 0
0 18 5.5348861000000015E-5 0
0 19 3.897093600000001E-5 0
1 0 3.755912760000001E-4 0
1 1 5.609760210000002E-4 0
1 2 6.836622660000003E-4 0
1 3 0.0013975440240000005 0
1 4 0.005935268568000002 0
1 5 0.025917518850000005 0
1 6 0.08359216162500001 0
1 7 0.18036182145 0
1 8 0.23983497989399996 0
1 9 0.18036182145000001 0
1 10 0.08359216162500001 0
1 11 0.025917518850000005 0
1 12 0.005935283940000002 0
1 13 0.0013980529380000005 0
1 14 6.907316100000001E-4 0
1 15 6.140737380000001E-4 0
1 16 6.07888696E-4 0
1 17 6.010517660000001E-4 0
1 18 5.550001210000001E-4 0
1 19 3.753068760000001E-4 0
2 0 0.0026067156210000005 0
2 1 0.003983566146 0
2 2 0.0044791216110000006 0
2 3 0.005324305809 0
2 4 0.010373997753000002 0
2 5 0.032981210835 0
2 6 0.09923974143 0
2 7 0.21181341199499998 0
2 8 0.281670004134 0
2 9 0.21181341199500003 0
2 10 0.09923974143000001 0
2 11 0.032981223645 0
2 12 0.010374504945000002 0
2 13 0.005332999053000002 0
2 14 0.004563028305000001 0
2 15 0.004480972233 0
2 16 0.0044668711810000004 0
2 17 0.004391363921 0
2 18 0.003977362246000001 0
2 19 0.0026064267210000004 0
3 0 0.013190796674999998 0
3 1 0.020624573595 0
3 2 0.023235502515 0
3 3 0.024555877395 0
3 4 0.029716283355000005 0
3 5 0.05260691941500001 0
3 6 0.11993894791500001 0
3 7 0.23476801591500002 0
3 8 0.30627000959999995 0
3 9 0.234768015915 0
3 10 0.119938955235 0
3 11 0.052607258505000004 0
3 12 0.029723246475000006 0
3 13 0.024638784945000002 0
3 14 0.023864488605000005 0
3 15 0.023776094205 0
3 16 0.023694222775000003 0
3 17 0.023147531464999996 0
3 18 0.020618365015 0
3 19 0.013190507774999999 0
4 0 0.048494132892 0
4 1 0.077174175897 0
4 2 0.087902863077 0
4 3 0.091247606565 0
4 4 0.09649551078900001 0
4 5 0.11809375364100001 0
4 6 0.18122862728100003 0
4 7 0.28860447870600003 0
4 8 0.35538089735399997 0
4 9 0.288604481451 0
4 10 0.18122877425100004 0
4 11 0.118097311491 0
4 12 0.09654660060600001 0
4 13 0.09172790328899999 0
4 14 0.090984788421 0
4 15 0.090858273129 0
4 16 0.090423133732 0
4 17 0.087817815977 0
4 18 0.07716810147700001 0
4 19 0.048493846737 0
5 0 0.128563866207 0
5 1 0.20710241389200001 0
5 2 0.23809441594199998 0
5 3 0.24693648830999998 0
5 4 0.252456112614 0
5 5 0.270499956306 0
5 6 0.322758760176 0
5 7 0.4116525385409999 0
5 8 0.46700643090399996 0
5 9 0.41165257634600005 0
5 10 0.32275983953600007 0
5 11 0.27051858607600004 0
5 12 0.252671000691 0
5 13 0.24866884121399996 0
5 14 0.24803376849599998 0
5 15 0.247770905574 0
5 16 0.246247440577 0
5 17 0.23802264488199998 0
5 18 0.20709720296200002 0
5 19 0.12856361389200002 0
6 0 0.24575504696100003 0
6 1 0.39856822368 0
6 2 0.46073009296499995 0
6 3 0.478406329008 0
6 4 0.484428073272 0
6 5 0.496933340919 0
6 6 0.532906336314 0
6 7 0.595058011534 0
6 8 0.634277820884 0
6 9 0.595058173695 0
6 10 0.5329098411450001 0
6 11 0.496984428824 0
6 12 0.48495420057399996 0
6 13 0.48231836377199994 0
6 14 0.48187645190399997 0
6 15 0.481360354962 0
6 16 0.47796821418 0
6 17 0.46068617008999996 0
6 18 0.3985651972290001 0
6 19 0.24575491116 0
7 0 0.34837403889600005 0
7 1 0.56628629373 0
7 2 0.6557638799550001 0
7 3 0.681156564618 0
7 4 0.6876037600020001 0
7 5 0.695243139309 0
7 6 0.7169117162640001 0
7 7 0.7556312441190001 0
7 8 0.780769608474 0
7 9 0.755631487045 0
7 10 0.716917023565 0
7 11 0.695320302074 0
7 12 0.6883912384289999 0
7 13 0.686943599052 0
7 14 0.686667508884 0
7 15 0.6859370414220001 0
7 16 0.680931098605 0
7 17 0.6557425845299999 0
7 18 0.566284912219 0
7 19 0.34837397982 0
8 0 0.38870020142999995 0
8 1 0.6321798090599999 0
8 2 0.73237176348 0
8 3 0.76078600998 0
8 4 0.76739991846 0
8 5 0.7731327832199999 0
8 6 0.7891831449 0
8 7 0.8186859922099999 0
8 8 0.8382837609999999 0
8 9 0.8186862725199999 0
8 10 0.7891892041199999 0
8 11 0.77322035804 0
8 12 0.7682901111099999 0
8 13 0.7673069424599999 0
8 14 0.7670955656999999 0
8 15 0.76628106222 0
8 16 0.7606438654500001 0
8 17 0.7323594487399999 0
8 18 0.632179107 0
8 19 0.3887001774 0
9 0 0.34837403889600005 0
9 1 0.56628629373 0
9 2 0.6557638799550001 0
9 3 0.681156564618 0
9 4 0.6876037600020001 0
9 5 0.695243139309 0
9 6 0.7169117207640001 0
9 7 0.755631300119 0
9 8 0.780769792574 0
9 9 0.755631543045 0
9 10 0.7169170280650001 0
9 11 0.695320302074 0
9 12 0.6883912384289999 0
9 13 0.686943599052 0
9 14 0.686667508884 0
9 15 0.6859370414220001 0
9 16 0.680931098605 0
9 17 0.6557425845299999 0
9 18 0.566284912219 0
9 19 0.34837397982 0
10 0 0.24575504696100003 0
10 1 0.39856822368 0
10 2 0.46073009296499995 0
10 3 0.478406329008 0
10 4 0.484428073272 0
10 5 0.496933352919 0
10 6 0.532906561314 0
10 7 0.595059462534 0
10 8 0.634281254984 0
10 9 0.5950596246950001 0
10 10 0.5329100661450001 0
10 11 0.49698444082400006 0
10 12 0.48495420057399996 0
10 13 0.48231836377199994 0
10 14 0.48187645190399997 0
10 15 0.481360354962 0
10 16 0.47796821418 0
10 17 0.46068617008999996 0
10 18 0.3985651972290001 0
10 19 0.24575491116 0
11 0 0.128563866207 0
11 1 0.20710241389200001 0
11 2 0.23809441594199998 0
11 3 0.24693648830999998 0
11 4 0.252456133614 0
11 5 0.270500484306 0
11 6 0.322763857176 0
11 7 0.411675417541 0
11 8 0.467050723404 0
11 9 0.41167545534600003 0
11 10 0.322764936536 0
11 11 0.27051911407600004 0
11 12 0.252671021691 0
11 13 0.24866884121399996 0
11 14 0.24803376849599998 0
11 15 0.247770905574 0
11 16 0.246247440577 0
11 17 0.23802264488199998 0
11 18 0.20709720296200002 0
11 19 0.12856361389200002 0
12 0 0.048494132892 0
12 1 0.077174175897 0
12 2 0.087902863077 0
12 3 0.091247631765 0
12 4 0.09649630878900001 0
12 5 0.11810406764100001 0
12 6 0.181297343781 0
12 7 0.288847514706 0
12 8 0.355793537554 0
12 9 0.288847517451 0
12 10 0.18129749075100005 0
12 11 0.11810762549100001 0
12 12 0.096547398606 0
12 13 0.091727928489 0
12 14 0.090984788421 0
12 15 0.090858273129 0
12 16 0.090423133732 0
12 17 0.087817815977 0
12 18 0.07716810147700001 0
12 19 0.048493846737 0
13 0 0.013190796674999998 0
13 1 0.020624573595 0
13 2 0.023235523515000002 0
13 3 0.024556683795 0
13 4 0.029729429355000003 0
13 5 0.05272402741500001 0
13 6 0.12054817291500002 0
13 7 0.23658872491500002 0
13 8 0.30909813899999994 0
13 9 0.23658872491500002 0
13 10 0.12054818023500002 0
13 11 0.05272436650500001 0
13 12 0.02973639247500001 0
13 13 0.024639591345 0
13 14 0.023864509605 0
13 15 0.023776094205 0
13 16 0.023694222775000003 0
13 17 0.023147531464999996 0
13 18 0.020618365015 0
13 19 0.013190507774999999 0
14 0 0.0026067156820000006 0
14 1 0.003983578207 0
14 2 0.0044796676720000005 0
14 3 0.005335150270000001 0
14 4 0.010496238814 0
14 5 0.03383150089600001 0
14 6 0.10294766349100001 0
14 7 0.22161671605600003 0
14 8 0.29598878903400005 0
14 9 0.22161671605600003 0
14 10 0.10294766349100001 0
14 11 0.033831513706 0
14 12 0.010496746006000004 0
14 13 0.0053438435140000014 0
14 14 0.004563574366 0
14 15 0.004480984294 0
14 16 0.004466871242000001 0
14 17 0.004391363982 0
14 18 0.003977362307 0
14 19 0.0026064267820000006 0
15 0 3.756001270000001E-4 0
15 1 5.612209820000002E-4 0
15 2 6.893732270000001E-4 0
15 3 0.0014766181850000004 0
15 4 0.006636022529000002 0
15 5 0.030016009811000006 0
15 6 0.09932339258600001 0
15 7 0.21841407780100003 0
15 8 0.29309949031400007 0
15 9 0.21841407780100003 0
15 10 0.09932339258600001 0
15 11 0.030016009811000006 0
15 12 0.006636037901000001 0
15 13 0.0014771270990000002 0
15 14 6.964425710000001E-4 0
15 15 6.143186990000001E-4 0
15 16 6.07898157E-4 0
15 17 6.010567270000001E-4 0
15 18 5.550050820000001E-4 0
15 19 3.753112270000001E-4 0
16 0 3.940346600000001E-5 0
16 1 6.174488600000002E-5 0
16 2 1.4716916600000004E-4 0
16 3 9.274388360000003E-4 0
16 4 0.006075245636000003 0
16 5 0.029366059286 0
16 6 0.09827069582600001 0
16 7 0.216412437746 0
16 8 0.29034170058 0
16 9 0.216412437746 0
16 10 0.09827069582600001 0
16 11 0.02936605928600001 0
16 12 0.006075245636000003 0
16 13 9.274516460000004E-4 0
16 14 1.4751194600000006E-4 0
16 15 6.542444600000002E-5 0
16 16 5.948463600000001E-5 0
16 17 5.887366600000001E-5 0
16 18 5.5528986000000005E-5 0
16 19 3.9114566000000014E-5 0
17 0 3.1746310000000016E-6 0
17 1 1.0087886000000004E-5 0
17 2 9.180511100000004E-5 0
17 3 8.622391310000002E-4 0
17 4 0.005910967931000001 0
17 5 0.028577496611 0
17 6 0.095114836526 0
17 7 0.208365771181 0
17 8 0.27877870294999996 0
17 9 0.208365771181 0
17 10 0.095114836526 0
17 11 0.02857749661100001 0
17 12 0.005910967931000002 0
17 13 8.622391310000004E-4 0
17 14 9.181243100000005E-5 0
17 15 1.0237931000000002E-5 0
17 16 4.322931000000001E-6 0
17 17 4.034611E-6 0
17 18 3.8839860000000005E-6 0
17 19 2.885731000000001E-6 0
18 0 4.280300000000002E-7 0
18 1 6.156125000000002E-6 0
18 2 8.280137000000003E-5 0
18 3 7.901380700000003E-4 0
18 4 0.005327831870000001 0
18 5 0.02531567087 0
18 6 0.08302419012500001 0
18 7 0.17989358911999997 0
18 8 0.23946251499 0
18 9 0.17989358912000003 0
18 10 0.08302419012500001 0
18 11 0.025315670870000008 0
18 12 0.0053278318700000025 0
18 13 7.901380700000003E-4 0
18 14 8.280137000000002E-5 0
18 15 6.158870000000002E-6 0
18 16 4.673700000000002E-7 0
18 17 1.9087E-7 0
18 18 1.8022500000000004E-7 0
18 19 1.4363000000000008E-7 0
19 0 2.3025100000000007E-7 0
19 1 4.423961000000001E-6 0
19 2 5.787946100000002E-5 0
19 3 5.308681610000001E-4 0
19 4 0.003466948961000001 0
19 5 0.016068604961000002 0
19 6 0.051714814961 0
19 7 0.110613064351 0
19 8 0.14641495322 0
19 9 0.11061306435100002 0
19 10 0.051714814961 0
19 11 0.016068604961000002 0
19 12 0.003466948961000001 0
19 13 5.308681610000001E-4 0
19 14 5.787946100000001E-5 0
19 15 4.423961000000001E-6 0
19 16 2.3096100000000008E-7 0
19 17 1.1961000000000004E-8 0
19 18 5.061000000000001E-9 0
19 19 4.351000000000001E-9 0
